2.168404345e-19  0  0  8.67361738e-19  -0  -1.694065895e-21  0  0  0  0  0  0  0  0  0  0  
0.01309536868  0.03406801527  -0.004936404922  -0.0001263492304  0.0003820047423  8.394324141e-06  0  0  0  0  0  0  0  0  0  0  
0  0  0  0  -0  -6.776263578e-21  -0.01291788037  -0.01711099788  -0.03980822773  -0.000234255703  0.000126765579  0.0006517932104  -0.0002957614271  0.0009733011314  0.0009961705318  -2.177528791  
-0.01656864029  0.1735143537  0.1641970694  0.003141019028  -0.001969892066  0.0001879843767  0  0  0  0  0  0  0  0  0  0  
-0.01656864029  0.1735143537  0.1641970694  0.003141019028  -0.001969892066  0.0001879843767  0  0  0  0  0  0  0  0  0  0  
-0.01102788774  0.2266176759  -0.0292142097  -0.0003739820095  0.0002241973707  0.0001509979047  0.004309754654  -0.02133285933  -0.01243300551  -0.0001012639885  0.0001496963181  0.000429363754  0.0003652976448  -0.0001212143663  0.001056761416  -0.3241260307  
-0.01656864029  0.1735143537  0.1641970694  0.003141019028  -0.001969892066  0.0001879843767  0  0  0  0  0  0  0  0  0  0  
-0.01656864029  0.1735143537  0.1641970694  0.003141019028  -0.001969892066  0.0001879843767  0  0  0  0  0  0  0  0  0  0  
-0.0476513872  0.08223768439  -0.003585964763  0.001668362762  -0.001226347988  -1.695858009e-05  -0.01349012433  -0.005453586123  0.004920995897  0.0002129216597  -5.701723481e-05  -1.513913311e-05  -0.0003672064932  0.0007705429843  -0.0002993765937  0.4387121125  
-0.08260169509  -0.02463791115  0.3524071685  0.003936820198  -0.002659275895  0.0006335210637  -0.01402704492  -0.0003028942628  0.002700764119  0.0001456645631  -0.0002541067028  0.0001176046606  -0.0003820673187  0.0008203731822  0.0004725804816  -0.757503115  
-0.05641934736  0.1795530321  0.3238897177  0.005125067197  -0.002740053693  0.0003557610034  0.003310526796  0.002250091562  0.01916166652  4.750383131e-06  -2.129849782e-05  0.0001298545582  -5.464459724e-05  -3.083516672e-05  -0.0005199384884  0.128630964  
-0.01656864029  0.1735143537  0.1641970694  0.003141019028  -0.001969892066  0.0001879843767  0  0  0  0  0  0  0  0  0  0  
-0.06893549428  0.3725804036  0.2217597049  0.003283096943  -0.002506647957  0.0004930243012  -0.002019830099  -0.006150856895  0.0009758773191  -4.623805009e-05  -1.6138472e-05  -2.159621439e-05  0.0001341081657  -0.0003642272839  -0.0006250840348  3.277714793  
-0.01656864029  0.1735143537  0.1641970694  0.003141019028  -0.001969892066  0.0001879843767  0  0  0  0  0  0  0  0  0  0  
-0.01656864029  0.1735143537  0.1641970694  0.003141019028  -0.001969892066  0.0001879843767  0  0  0  0  0  0  0  0  0  0  
-0.06791654058  0.4864715842  0.1518223121  0.002209670376  -0.002989733359  0.0001302363962  -0.01156688601  0.04967015559  -0.008573008727  0.0001633827032  -8.301236972e-05  -0.0001221921059  -0.0005749449105  0.0009884674034  5.692547113e-05  7.157757913  
-0.01656864029  0.1735143537  0.1641970694  0.003141019028  -0.001969892066  0.0001879843767  0  0  0  0  0  0  0  0  0  0  
-0.01656864029  0.1735143537  0.1641970694  0.003141019028  -0.001969892066  0.0001879843767  0  0  0  0  0  0  0  0  0  0  
-0.01656864029  0.1735143537  0.1641970694  0.003141019028  -0.001969892066  0.0001879843767  0  0  0  0  0  0  0  0  0  0  
-0.01656864029  0.1735143537  0.1641970694  0.003141019028  -0.001969892066  0.0001879843767  0  0  0  0  0  0  0  0  0  0  
0.002818953325  0.01150719546  0.2422051126  0.003690171521  -0.002234628191  0.0002427250729  0  0  0  0  0  0  0  0  0  0  
-0.01656864029  0.1735143537  0.1641970694  0.003141019028  -0.001969892066  0.0001879843767  0  0  0  0  0  0  0  0  0  0  
-0.01656864029  0.1735143537  0.1641970694  0.003141019028  -0.001969892066  0.0001879843767  0  0  0  0  0  0  0  0  0  0  
-0.01656864029  0.1735143537  0.1641970694  0.003141019028  -0.001969892066  0.0001879843767  0  0  0  0  0  0  0  0  0  0  
-0.01656864029  0.1735143537  0.1641970694  0.003141019028  -0.001969892066  0.0001879843767  0  0  0  0  0  0  0  0  0  0  
-0.01067044428  0.361520759  0.1407772249  0.002193593886  -0.001488602022  0.0003849490895  -0.02847039915  0.04835151559  0.01436966452  0.0003875512375  -0.0002796294721  0.0001271607925  -0.0005593298659  0.001518475742  0.001091415959  3.649997256  
-0.01656864029  0.1735143537  0.1641970694  0.003141019028  -0.001969892066  0.0001879843767  0  0  0  0  0  0  0  0  0  0  
-0.01656864029  0.1735143537  0.1641970694  0.003141019028  -0.001969892066  0.0001879843767  0  0  0  0  0  0  0  0  0  0  
-0.02815056808  0.4511232802  0.1559165366  0.001414783532  -0.001076777349  0.0008413787  0.01770503462  -0.0100772896  0.02425422611  0.0001251365208  -2.903376882e-05  0.0001459266664  0.0004304263687  -0.000793358958  8.116455718e-05  3.638469765  
-0.01656864029  0.1735143537  0.1641970694  0.003141019028  -0.001969892066  0.0001879843767  0  0  0  0  0  0  0  0  0  0  
-0.01656864029  0.1735143537  0.1641970694  0.003141019028  -0.001969892066  0.0001879843767  0  0  0  0  0  0  0  0  0  0  
0.00358375864  0.4931839266  0.05194281146  0.001024342142  -0.001285440521  0.0001887040125  -0.001341496106  0.04220795216  -0.004086288133  0.0004232869485  -2.857895595e-05  -0.0004770006535  -0.0007152903126  0.001025504388  -0.0004037915943  4.847480851  
-0.02758824045  0.2582920477  -0.02195345769  -3.834971722e-05  -0.001733008656  0.0003357150417  0.003254953567  0.04025013576  -0.04555498891  0.0001139658332  0.0001150255503  -0.0005001040495  -0.0005340782947  0.0006247919086  -0.0001532656589  0.6610237859  
-0.01656864029  0.1735143537  0.1641970694  0.003141019028  -0.001969892066  0.0001879843767  0  0  0  0  0  0  0  0  0  0  
-0.002838873101  0.362864725  0.1600850403  0.002940751147  -0.001964985626  0.0002245385549  -0.0324426422  0.003493155986  0.05493689862  0.0007143943466  -0.0003552612991  0.0002283312288  -0.0004484949009  0.001163757705  0.0005234242431  3.091464635  
-0.01656864029  0.1735143537  0.1641970694  0.003141019028  -0.001969892066  0.0001879843767  0  0  0  0  0  0  0  0  0  0  
-0.01656864029  0.1735143537  0.1641970694  0.003141019028  -0.001969892066  0.0001879843767  0  0  0  0  0  0  0  0  0  0  
0.01684606953  0.5207808057  0.1192487332  0.002762749325  -0.001275322167  0.0002504783915  0.01893993194  0.00455269386  0.01826748404  0.0001578489744  8.113594071e-05  -0.0005499748549  0.0001722763917  -0.00062023001  -0.0007058670907  3.574303974  
-0.01656864029  0.1735143537  0.1641970694  0.003141019028  -0.001969892066  0.0001879843767  0  0  0  0  0  0  0  0  0  0  
-0.01656864029  0.1735143537  0.1641970694  0.003141019028  -0.001969892066  0.0001879843767  0  0  0  0  0  0  0  0  0  0  
0.1097428585  -0.07158543622  1.235785486  0.01555996481  -0.002400678815  -0.00103861792  0  0  0  0  0  0  0  0  0  0  
0.04773049324  0.2216709958  0.5609870193  0.008886460215  -0.001865424681  -0.0004923894303  -0.04870456906  0.06442412167  -0.04199291963  1.846450108e-06  0.000319848878  -0.0004837733397  -0.0009343152884  0.002112714257  0.001590576188  -0.7059683685  
0.06828993075  0.2302578417  0.5144501905  0.007216668688  -0.001670408412  -1.44404903e-05  -0.04141268073  0.08320132093  -0.03987731175  -0.0001984467908  0.0003683920025  -0.0007057328422  -0.0005778710321  0.001521538211  0.001457216542  -0.8620099093  
0.05519120645  -0.09847683169  0.6613693305  0.01104655396  -0.0005692192353  6.176308034e-06  0.009698474602  -0.07568153134  0.0194190462  0.0001546325656  0.0005376489588  0.0004386694912  0.0007518004083  -0.0008823658216  0.001670783038  -6.132171112  
0.02916780819  0.1015803394  0.5575290404  0.008751499467  -0.0006450226065  0.0002840117668  0.004921239674  -0.08672999533  0.03245676381  3.006851711e-05  0.0004667131679  0.0001683134274  0.0008735247137  -0.001411388165  0.0003494750551  -1.443394447  
0.02607675068  0.5412965525  0.442247691  0.005615615752  -0.0008746848907  0.0005185249029  0.008029850975  -0.09417069102  0.04822093469  0.0002270776363  0.0004226990843  0.0001947129976  0.001038980437  -0.001672178858  -0.0002757981164  4.490097068  
0.07380553796  0.2336170719  0.5447077649  0.008874730207  -0.0007519497303  -1.609894389e-05  0.01364294014  -0.01576431338  -0.03230980394  -9.490336656e-05  0.0005280219707  -0.0003621451368  3.580435899e-05  -3.135527508e-05  0.0001579710577  -0.4347757259  
0.05636001666  0.2577908649  0.3586314788  0.006114923861  -0.0007378287846  -0.000121699748  0.03970500294  -0.01394457785  -0.02972046012  -7.170777935e-05  0.000451092976  -0.001152599324  -1.863278155e-05  -0.0001033755859  -0.0009448538088  -0.2023497602  
0.06548167503  0.3222700705  0.3549937763  0.004592035897  -0.001116932719  4.041973443e-05  0.05012899101  -0.01281400593  -0.07229633342  -0.0001924192742  0.0003196592147  -0.001485607704  9.75303967e-05  5.143746018e-05  -0.001085789291  2.2755676  
0.06822182549  0.08545544993  0.4918705516  0.009195758961  -0.0008694935823  -0.0007433204446  -0.06075091193  0.001691519904  0.03945520999  0.000790727456  0.0001702785317  0.0002090305312  -0.0007275403856  0.002389292575  0.002234820568  -3.034602281  
0.0291791622  0.5385803913  0.4842450466  0.008584868163  -0.001937188092  -0.0006347837625  -0.06476536832  0.02655021523  0.06376230537  0.0009329981476  -0.0001463916469  -0.0002718241436  -0.0009826157937  0.002250674803  0.001174238811  1.677185557  
0.03134399678  0.3458546302  0.4625120689  0.007400443777  -0.002014421392  -0.0008594754036  -0.06393971206  0.03612806826  0.05314772905  0.0008410903784  -0.000139161045  3.170692113e-05  -0.001226934621  0.00161885258  0.00148926156  -0.2545051201  
0.09186650392  0.5418009959  0.4399824362  0.009568021633  -0.002253930084  -0.001341985073  0.02910176807  -0.02713481152  0.02792811766  0.0002431854019  0.0002204573314  -6.706648598e-05  0.0006743075063  -0.001415808251  0.0003347423296  2.937811829  
0.05158691883  0.2506536771  0.3215763081  0.00740567781  -0.002582351677  -0.001630350715  0.03245976577  -0.02685171465  0.00830958444  0.0002607171  0.0003012327602  -0.0003714346562  0.0006542959934  -0.001427919221  5.42307409e-05  -0.7929073856  
-0.01656864029  0.1735143537  0.1641970694  0.003141019028  -0.001969892066  0.0001879843767  0  0  0  0  0  0  0  0  0  0  
0.09387688353  0.3412395831  0.4217065211  0.007987754419  -0.00299600279  -0.001046221238  -0.03394867038  0.06848754575  -0.004666489126  0.000437485669  8.794145281e-05  -0.0003894601017  -0.001217166341  0.0022568723  -0.0001789882626  -0.1833695409  
0.07512011366  0.2720252837  0.3523137208  0.006466371007  -0.002959218109  -0.0008314455627  -0.03384479916  0.08848752692  -0.02930650413  0.000559117495  1.74915461e-05  -0.0008761908738  -0.001353370428  0.002083648544  -0.0006273139693  -1.9145576  
0.09438519679  0.3733436552  0.3123023258  0.005250177812  -0.002516733715  -0.0007206891314  -0.03170819365  0.08621199815  -0.06480008174  0.0003874797202  0.0002199666769  -0.0007731044646  -0.001560444402  0.001790197159  -0.0003172168988  -0.6722415075  
0.07579173678  0.6039870163  0.5117343067  0.01039534155  -0.002913401695  -0.0005893846392  -0.01159322145  -0.02766389769  0.08570943436  0.0005319627831  -0.0002290900703  -0.0008120624928  0.0004080498681  -0.0009387453045  0.0008561831228  6.816160221  
0.05279929713  0.147946769  0.3762391535  0.007785511203  -0.002134673763  0.0001072940358  -0.03166919391  -0.0417916737  0.07668728742  0.0004123670341  -0.0002537417101  -0.0006312537548  0.0007461057355  -0.0015258877  0.0009037711184  -0.6088547445  
0.01318616629  0.4108419127  0.3049549158  0.006367411464  -0.002742380602  0.0004221790005  -0.04545300086  -0.04093426966  0.07303224632  0.0002364283992  -0.0003497488641  -0.0007015797818  0.0008302921987  -0.001866277851  0.001102255586  3.209083678  
0.1508623219  0.09331080876  0.6587771713  0.01213909686  -0.001866586157  -0.0005410053418  0  0  0  0  0  0  0  0  0  0  
0.158849086  0.1285594075  0.5759669448  0.01183762588  -0.002073510783  -0.0008965571178  0  0  0  0  0  0  0  0  0  0  
-0.02852708003  0.2075930275  0.1734200649  0.003188641276  -0.001981777837  0.0001751746604  0.003266104101  0.00479840359  -0.004789642276  -7.138996947e-05  5.677230733e-05  -0.0001743424364  -2.965670688e-05  -0.0001036275084  -0.0001839944085  0.7719067839  
-0.02710901805  0.1636330447  0.1513025395  0.003086258657  -0.002050396288  2.670373397e-05  0.0078696254  -0.009206245729  0.003328310276  0.0001748417318  5.702386022e-05  0.0003226162648  0.0001302431289  -0.0001886414313  0.000113459505  -0.7700178584  
-0.004786425966  0.2127951799  0.1494770715  0.00290666637  -0.002099754289  0.0001970357116  -0.010949436  -0.00789931884  0.01863611491  5.849249661e-05  -0.000169956997  0.0001353391695  0.0002890731981  9.919202336e-05  0.0006309629871  0.2292218735  
-0.004633065315  0.1942120488  0.1732148271  0.003437469713  -0.002004455775  0.0001204553628  -0.002499974853  0.003561633612  -0.008080965528  -9.802486869e-06  4.495233481e-05  -7.927154813e-05  -2.003330406e-05  0.000196892017  -0.0001976859447  0.2208223285  
-5.949371856e-06  0.300691653  0.147862385  0.002450431231  -0.001943862415  0.0003432002559  -0.02733208181  0.02438305138  -0.03081658117  5.557440277e-05  -8.754599058e-05  3.141800054e-05  -0.0008588806161  0.001949043634  0.000588509518  1.793163197  
